Loaded model
var: DQNetwork/conv1/kernel:0 , value [[[[ 4.24356535e-02  5.44977002e-02  6.66884929e-02 ... -1.70490742e-02
     1.03159212e-02 -1.44977088e-03]
   [ 7.63728563e-03  4.05732915e-02 -4.09090146e-02 ... -3.80079783e-02
     4.76348810e-02 -4.95132767e-02]
   [ 3.56051400e-02  6.38739020e-02  3.18448879e-02 ...  5.87674156e-02
     4.57839072e-02  4.60963249e-02]
   [ 1.39071662e-02 -1.63032359e-03 -6.59728572e-02 ... -2.52910685e-02
     5.68935508e-03 -2.59658024e-02]]

  [[-3.52835618e-02 -4.27504666e-02 -2.49244105e-02 ...  3.96409258e-02
    -5.93377696e-03  3.57638523e-02]
   [-6.51102886e-02 -2.40801089e-02 -4.02828194e-02 ...  4.35061939e-02
    -1.44145107e-02  1.88929401e-02]
   [ 3.22077274e-02  5.75302579e-02  3.41757499e-02 ...  7.93603342e-03
    -7.04278201e-02  1.17670745e-02]
   [ 5.02061397e-02  3.43982577e-02  6.34485707e-02 ... -1.09358225e-02
    -6.91415742e-02  4.15492952e-02]]

  [[-5.51376268e-02 -1.52335120e-02 -4.44985554e-03 ...  4.63943705e-02
     1.45308757e-02  3.77841331e-02]
   [-2.96752956e-02  4.93444987e-02 -1.15819396e-02 ... -4.51673381e-02
     1.45214871e-02 -7.22172146e-04]
   [ 4.10734527e-02 -8.06452893e-03  4.91605438e-02 ... -6.84484914e-02
     4.58231494e-02  2.13995222e-02]
   [-5.99510893e-02  5.60644716e-02 -6.17477521e-02 ...  4.38107923e-03
    -9.14410781e-03 -5.77315502e-02]]

  ...

  [[-1.15544898e-02 -1.75198019e-02 -2.36050654e-02 ... -1.28049236e-02
     5.58358394e-02 -6.48023114e-02]
   [ 5.00380620e-02  3.24326940e-02 -2.46674214e-02 ... -3.82955968e-02
    -4.42227460e-02  2.59954855e-02]
   [-1.97295230e-02 -5.73015884e-02 -1.99852069e-03 ...  2.81034093e-02
     1.51305981e-02 -1.77403931e-02]
   [-3.50709818e-02 -1.76291671e-02  4.32499964e-03 ... -2.58582365e-02
     3.81889082e-02  3.90485749e-02]]

  [[-8.96809215e-04  2.08598580e-02  6.59466954e-03 ...  2.32099630e-02
     2.34195702e-02 -6.94356188e-02]
   [ 1.84606891e-02 -1.74055174e-02 -5.52925430e-02 ...  4.53855544e-02
     8.46038386e-03 -2.29417309e-02]
   [-4.87803388e-03  4.97549139e-02 -2.89702024e-02 ...  4.01451625e-02
     3.66080739e-02  4.98029217e-02]
   [ 3.83507530e-03 -2.85289325e-02  8.30916967e-03 ... -7.25069316e-03
    -6.44172216e-03  2.44117226e-03]]

  [[ 1.54780885e-02  3.42384614e-02  1.27543341e-02 ... -5.64064495e-02
     2.85397191e-02 -2.35755672e-03]
   [-5.89854345e-02 -3.32126915e-02  5.03443135e-03 ...  2.01678555e-02
     5.75710945e-02 -3.40026431e-02]
   [ 1.37949036e-02  3.39429788e-02 -2.16299035e-02 ...  4.84411120e-02
     1.54127926e-02 -5.52091412e-02]
   [ 4.08315770e-02 -4.02035639e-02  6.42357320e-02 ... -1.39665250e-02
    -4.06589694e-02  2.08062790e-02]]]


 [[[-2.19553709e-02 -5.49619570e-02  7.20947003e-03 ... -5.67641705e-02
    -7.17805922e-02  4.91017103e-02]
   [ 5.77750765e-02 -8.85667466e-03  3.95889990e-02 ...  1.83074847e-02
     1.32963452e-02  2.77207773e-02]
   [ 3.66753191e-02 -3.95970196e-02  1.10814106e-02 ...  3.27442400e-02
     4.56124023e-02 -4.82321046e-02]
   [-6.63001761e-02  3.85254882e-02 -6.11694902e-02 ... -8.89783073e-03
    -6.83718100e-02  4.83071618e-02]]

  [[-1.60941072e-02 -6.82696253e-02  1.95887801e-03 ...  2.59235408e-02
     1.45204207e-02 -3.15921754e-03]
   [ 2.91966628e-02  2.30971761e-02  5.29265851e-02 ... -3.16844769e-02
    -5.12157530e-02 -5.76804765e-02]
   [-2.51938608e-02 -7.12018907e-02 -3.69434580e-02 ... -1.84370782e-02
     3.92291695e-02 -4.90339100e-02]
   [ 2.50438607e-05 -4.93743755e-02  3.52374502e-02 ... -6.02244474e-02
     5.30679375e-02 -5.29321134e-02]]

  [[ 6.53964058e-02  2.35301312e-02  6.00101016e-02 ...  2.82663740e-02
     4.07217741e-02  4.15683836e-02]
   [-5.89582883e-02 -2.95795668e-02  5.82059883e-02 ...  1.85963940e-02
     8.17693397e-03 -6.05440997e-02]
   [ 7.80963991e-03  5.76455109e-02 -3.74574326e-02 ... -5.29496148e-02
     4.41905633e-02 -5.50283827e-02]
   [-4.00518961e-02  4.67936695e-03 -5.68273962e-02 ... -4.42855991e-02
    -2.15067919e-02  5.72069138e-02]]

  ...

  [[-2.15367563e-02 -3.32143791e-02 -5.66390939e-02 ...  1.13540543e-02
    -5.57034388e-02  5.26900962e-02]
   [ 2.57495753e-02 -1.26151610e-02 -6.15677536e-02 ...  4.68101911e-02
     2.35045813e-02 -4.97600548e-02]
   [-6.81972131e-02 -4.48380150e-02  6.20635189e-02 ...  2.76695136e-02
     6.15165420e-02  7.74361193e-03]
   [ 1.20908050e-02 -1.09264883e-03  3.99155430e-02 ...  4.26736195e-03
    -6.48308694e-02 -1.68460496e-02]]

  [[ 4.30067331e-02 -2.45079231e-02 -4.48968746e-02 ... -1.64155327e-02
    -4.60606515e-02 -1.27990339e-02]
   [ 6.25573397e-02 -2.69248728e-02  2.86899973e-02 ...  1.25520816e-02
     3.99369337e-02  1.92741789e-02]
   [ 3.59498970e-02  4.37060595e-02  6.11964352e-02 ...  4.23372425e-02
    -6.24513961e-02 -1.30698457e-02]
   [ 9.57154762e-03  7.85820372e-03  4.27533984e-02 ... -4.18525450e-02
     7.96290208e-03  3.64590585e-02]]

  [[-4.83975699e-03  1.13868443e-02 -4.70517650e-02 ...  9.58875474e-03
    -3.64235304e-02  2.08427291e-02]
   [ 4.40186262e-02 -1.26919542e-02 -1.87699758e-02 ...  4.83103916e-02
    -6.02834523e-02  1.27107538e-02]
   [ 3.11277434e-02 -2.56198123e-02  3.28690931e-02 ... -1.41542628e-02
    -5.42365052e-02  2.12363377e-02]
   [-3.99326906e-02 -1.12152668e-02  1.07602756e-02 ... -5.01845181e-02
     6.20112792e-02 -2.03550383e-02]]]


 [[[-5.52339740e-02  4.35220562e-02  5.35917953e-02 ... -4.15507369e-02
     2.62092277e-02 -4.08825912e-02]
   [ 3.90303321e-02 -5.52342124e-02 -7.24928593e-03 ...  4.46322300e-02
     4.73400392e-02  2.35054642e-02]
   [ 1.81820672e-02  2.46337382e-03 -4.49519530e-02 ... -5.27346097e-02
     3.85322496e-02  1.55619066e-02]
   [ 4.49799113e-02  1.95561890e-02  1.55505938e-02 ...  1.79187153e-02
     5.35386093e-02  2.44940463e-02]]

  [[-5.12927510e-02  4.26729061e-02  2.83685289e-02 ...  2.69549005e-02
     5.84390424e-02  1.76719110e-02]
   [-4.95016761e-02 -2.21599862e-02 -5.54637834e-02 ... -1.36432601e-02
     2.40917224e-02  5.88790216e-02]
   [ 3.81470174e-02 -4.62939553e-02 -3.98464613e-02 ... -3.76070500e-04
    -6.21244423e-02  1.06070125e-02]
   [ 4.31319885e-03  3.16100568e-02  1.54871130e-02 ... -6.33656383e-02
    -4.22458015e-02 -8.23642779e-03]]

  [[ 6.70694709e-02  9.28628910e-03 -7.86706712e-03 ...  5.10426648e-02
    -7.09701795e-03  6.43222556e-02]
   [ 4.46080118e-02 -8.78933165e-03 -6.28517717e-02 ... -4.66993898e-02
     1.93960185e-03 -5.28979748e-02]
   [ 5.53195439e-02  4.07333858e-02  2.41222046e-02 ...  5.41856959e-02
    -4.47049737e-02  5.78991510e-02]
   [ 3.14136893e-02  4.55877930e-02  1.40515324e-02 ...  1.33271646e-02
     4.31508236e-02  3.03806420e-02]]

  ...

  [[ 6.56509250e-02 -4.45028134e-02  1.72056584e-03 ... -1.87639669e-02
    -4.62865569e-02  3.39478999e-02]
   [ 1.74276866e-02  4.78157327e-02 -2.18512751e-02 ... -1.30901458e-02
     3.12670171e-02  1.59634892e-02]
   [ 3.00944969e-02  3.35251056e-02  6.36904016e-02 ... -3.37901637e-02
    -5.66371344e-02  5.25428653e-02]
   [ 6.38461811e-03  3.87662426e-02 -6.21301646e-04 ... -3.80818509e-02
    -6.03447966e-02 -3.36966477e-02]]

  [[ 6.22252896e-02  9.97411739e-03  5.82918674e-02 ... -6.72766417e-02
     4.14681584e-02 -3.40675539e-03]
   [-3.60864736e-02 -2.55575981e-02  4.10367399e-02 ...  2.19334941e-02
     3.34760100e-02 -3.17928288e-03]
   [-4.32615168e-02 -3.12090311e-02  1.03015359e-02 ...  5.06249629e-02
    -5.41905835e-02  1.54903010e-02]
   [-4.32392098e-02  2.85628997e-02  6.43056110e-02 ... -4.11817469e-02
     1.23067852e-03  4.22336869e-02]]

  [[ 4.52229790e-02  5.36247715e-02 -6.09737169e-03 ...  5.36933832e-04
     4.10751700e-02  3.90883274e-02]
   [-2.75414390e-03  4.34262939e-02 -1.10598784e-02 ...  3.26230228e-02
     4.19789776e-02 -1.22370233e-03]
   [ 1.33830532e-02  5.53990528e-02 -6.14661202e-02 ...  4.57343347e-02
    -4.58151363e-02 -4.36626337e-02]
   [ 3.03397439e-02  5.82274273e-02 -2.91348938e-02 ...  4.65628915e-02
     7.59697845e-03  2.17414158e-03]]]


 ...


 [[[ 6.05900027e-03 -3.54248262e-03  5.83373196e-02 ... -2.21159477e-02
     5.91095211e-03 -3.36115845e-02]
   [ 3.74324954e-05 -3.57076079e-02  6.20551147e-02 ...  6.31825579e-03
     2.48770025e-02 -3.88789247e-03]
   [ 2.54111993e-03 -2.45273747e-02  4.04718965e-02 ...  2.04330049e-02
     6.18798770e-02  6.25155941e-02]
   [-6.80739805e-02  1.87517365e-03  1.58659685e-02 ... -9.98048484e-03
    -1.26839569e-02 -4.53009596e-03]]

  [[-1.06433760e-02  4.09501381e-02  2.24064626e-02 ... -6.17059469e-02
    -6.21466935e-02  3.79449464e-02]
   [ 2.32034512e-02 -5.84049933e-02  4.58616465e-02 ... -2.09474973e-02
    -5.42339645e-02 -3.94936875e-02]
   [ 6.36009201e-02  3.63295060e-03 -3.46229598e-02 ... -3.98172550e-02
    -1.17114875e-02 -4.03919369e-02]
   [-3.19519937e-02  4.18488719e-02 -3.09198201e-02 ...  2.42158193e-02
     3.57225053e-02  2.43332591e-02]]

  [[-5.87405302e-02  4.73163463e-03 -4.50495109e-02 ... -2.55202986e-02
     4.80691753e-02  2.11778581e-02]
   [-4.16734517e-02 -5.89936152e-02  3.25073227e-02 ...  5.36396839e-02
     5.77444211e-02  5.79016507e-02]
   [-1.64002459e-03  4.16012406e-02  5.79190217e-02 ... -4.31343094e-02
     1.47196893e-02 -3.79435532e-02]
   [ 3.88115905e-02 -4.76164669e-02  1.60383545e-02 ...  1.92834511e-02
    -4.29245122e-02 -2.45662145e-02]]

  ...

  [[ 6.12397157e-02 -4.64209840e-02 -3.63136232e-02 ... -5.48872128e-02
     5.81795424e-02  5.65143265e-02]
   [-6.02087118e-02  5.65233268e-02  6.11403808e-02 ... -4.53452431e-02
     2.09131241e-02 -5.09552769e-02]
   [ 3.33588049e-02  4.74377163e-02 -3.48662063e-02 ...  4.82879952e-02
     6.81184530e-02 -4.35499288e-02]
   [-2.39970721e-02 -3.20946313e-02 -4.17705800e-04 ... -5.45854978e-02
     4.07773443e-02 -1.00537343e-02]]

  [[-4.34084535e-02  3.88813624e-03 -4.94984770e-03 ...  5.86591326e-02
    -5.34305163e-02  2.46007703e-02]
   [-5.41689023e-02 -4.08330075e-02 -2.27507371e-02 ...  4.14716527e-02
     2.78081372e-02 -3.53384316e-02]
   [ 7.39277527e-02 -1.71674062e-02 -5.14652841e-02 ...  1.12901768e-02
     6.74361214e-02 -9.89001244e-03]
   [-5.08375093e-03 -1.59687623e-02  3.64771448e-02 ...  1.03001334e-02
     2.01148707e-02 -5.97456545e-02]]

  [[-4.75922413e-03 -2.03539990e-02  7.15410477e-03 ...  5.11297397e-02
    -5.30129634e-02 -4.61076200e-02]
   [-1.50042456e-02  1.63175985e-02 -4.76397164e-02 ...  1.89985018e-02
    -4.69793528e-02 -2.07625069e-02]
   [-4.36664857e-02  4.94045094e-02 -1.94216631e-02 ... -6.41071796e-02
    -4.15442139e-02 -6.00079373e-02]
   [ 7.34653324e-03 -4.47296575e-02 -1.50085008e-02 ...  4.89392877e-02
    -4.10503075e-02 -3.92129272e-02]]]


 [[[-4.04670611e-02  3.73793021e-02  1.08685913e-02 ...  4.28141356e-02
     1.06477793e-02 -9.24588833e-03]
   [ 2.64701489e-02 -3.14295851e-02  5.59526086e-02 ...  4.84037623e-02
    -9.84136201e-03  5.59910201e-02]
   [-3.98559868e-02 -4.06323262e-02  3.90692055e-02 ...  2.31921133e-02
    -2.52185781e-02  1.67085845e-02]
   [ 4.37902287e-02 -6.50694594e-02 -2.74302736e-02 ...  6.42793849e-02
    -7.24087879e-02  2.45752484e-02]]

  [[-4.64629196e-02  1.10287499e-02  2.57260539e-02 ... -5.33693610e-03
    -6.20360766e-03  4.09117155e-02]
   [-6.68556541e-02 -5.63120730e-02 -5.92709035e-02 ...  3.94967012e-02
    -3.48424427e-02  2.03674249e-02]
   [-2.76722247e-03  8.01030453e-03 -1.77955851e-02 ... -5.05792722e-03
     5.44789135e-02 -6.03531264e-02]
   [ 5.67430370e-02  2.20515337e-02 -2.38551386e-02 ... -3.33120152e-02
    -2.47473493e-02  3.02430764e-02]]

  [[ 4.16715778e-02 -7.86678214e-03 -6.14434704e-02 ... -2.36088037e-02
     1.90743878e-02 -9.76575189e-04]
   [ 2.24474333e-02  2.18256544e-02  8.63780500e-04 ... -5.49652837e-02
     4.61975783e-02 -2.61235069e-02]
   [-4.65577990e-02  2.33702902e-02  6.04308322e-02 ... -4.49068379e-03
    -4.39584553e-02  6.02562279e-02]
   [ 3.12224496e-02 -3.97400074e-02 -5.43853194e-02 ... -5.48016615e-02
     5.67596406e-02  6.11825846e-02]]

  ...

  [[ 3.03632859e-02  2.88181156e-02  1.83438826e-02 ... -4.73072287e-03
    -4.67955470e-02 -1.35526713e-02]
   [-6.51571155e-03 -6.15683459e-02  2.03217510e-02 ...  1.63363796e-02
    -1.39234420e-02  2.16080826e-02]
   [ 2.58111320e-02  6.40738606e-02  2.31515076e-02 ... -6.17306819e-03
    -4.10614945e-02 -7.84024876e-03]
   [-6.37060925e-02 -6.40329421e-02  5.83412647e-02 ...  5.82958423e-02
    -5.15713543e-02 -2.72707939e-02]]

  [[-9.42658260e-03  3.61945257e-02  3.75361927e-02 ... -7.29818782e-03
    -1.94130167e-02 -5.39857857e-02]
   [ 5.40190004e-03 -1.99008454e-02  2.70012300e-02 ... -6.48744255e-02
    -2.94975080e-02 -2.46425699e-02]
   [ 1.74346995e-02 -2.35071965e-02 -2.27804054e-02 ... -9.98869166e-03
    -3.01185809e-02 -4.15173285e-02]
   [-3.13263535e-02  9.23764333e-03 -3.10118087e-02 ...  5.99611290e-02
     2.53434479e-02 -4.36802097e-02]]

  [[-5.00017405e-02  1.74604245e-02  4.02633511e-02 ... -3.14196050e-02
     3.06723677e-02  6.29353151e-02]
   [-3.05133052e-02 -5.38623855e-02 -4.90998030e-02 ...  5.51277772e-02
     4.51672152e-02 -3.70049402e-02]
   [ 3.88855897e-02  6.08648248e-02  1.52142271e-02 ...  3.15761119e-02
    -2.68789064e-02 -4.23997128e-03]
   [ 3.90776917e-02  6.61624596e-02  6.63328692e-02 ...  4.99173393e-03
    -3.62287052e-02 -4.30817567e-02]]]


 [[[ 3.31187807e-02 -6.32458851e-02  3.66798416e-02 ...  4.78640981e-02
    -3.10662612e-02 -3.92337255e-02]
   [ 5.08750342e-02  3.88880149e-02 -5.79361469e-02 ... -1.06556137e-04
     4.33539785e-02  2.88633723e-02]
   [ 6.12755306e-02  2.01956388e-02  3.21235992e-02 ... -9.12581384e-03
     3.34412754e-02 -1.17608346e-02]
   [-4.80430126e-02  4.57248166e-02  3.87058184e-02 ... -2.86805592e-02
     2.25359146e-02 -5.72762601e-02]]

  [[-4.10774127e-02  6.93744719e-02 -6.28962293e-02 ... -2.94388421e-02
     5.57927117e-02  5.30965906e-03]
   [-6.49413913e-02 -3.49329561e-02  1.58908479e-02 ... -3.62564884e-02
     4.86093014e-02 -3.07453070e-02]
   [ 5.42752966e-02 -1.08829513e-02  1.37005681e-02 ... -4.08605523e-02
    -3.71594094e-02 -3.29081416e-02]
   [-2.74603628e-02  4.26982231e-02  4.95957658e-02 ... -6.17328025e-02
     2.05859225e-02 -4.08836044e-02]]

  [[ 6.25013784e-02  4.89746826e-03  4.48784679e-02 ... -4.02754731e-02
     1.42341908e-02  6.17155544e-02]
   [ 1.86181739e-02 -3.64700332e-02 -5.06170243e-02 ...  1.51898330e-02
     4.18807752e-03 -6.39411807e-02]
   [-4.91005927e-02 -9.33245011e-03  6.70723105e-03 ...  5.50300218e-02
     8.81471671e-03 -4.92366813e-02]
   [-1.44880526e-02  4.39280495e-02 -9.55235120e-03 ...  3.56284529e-02
     4.87783812e-02  1.14344191e-02]]

  ...

  [[ 1.94865838e-02  1.87654309e-02  1.59607008e-02 ...  1.82933975e-02
     5.01944162e-02 -1.04433363e-02]
   [ 2.51563899e-02 -2.39548273e-02 -1.42750908e-02 ...  6.52122824e-03
    -1.40903881e-02  6.74938336e-02]
   [ 3.82901356e-02  5.54691814e-02  4.10086550e-02 ...  2.12868322e-02
     1.71472039e-02 -5.07095642e-02]
   [ 6.44638166e-02 -5.44138737e-02 -5.64714074e-02 ... -5.49484901e-02
     4.06226069e-02  3.24473120e-02]]

  [[-1.19379051e-02 -1.25572784e-02 -1.07778320e-02 ... -5.77877648e-02
     2.99350228e-02  4.40856908e-03]
   [-2.41788048e-02 -1.00236032e-02 -6.37100413e-02 ...  2.41412427e-02
     3.91183188e-03 -1.40241561e-02]
   [ 1.80636160e-02  3.68313417e-02 -6.31015673e-02 ...  5.10542654e-02
    -9.00877174e-04  2.53230501e-02]
   [ 2.36142031e-03 -4.19242568e-02  5.84545471e-02 ... -9.37406626e-03
     4.48810030e-03 -9.31093749e-03]]

  [[ 5.23136258e-02 -6.21550046e-02  3.87979597e-02 ...  3.83948721e-02
     5.59330992e-02  6.64878078e-03]
   [-2.64004208e-02 -5.82034476e-02  4.15064162e-04 ... -4.11925092e-02
     1.10187978e-02  3.19719389e-02]
   [-6.01529963e-02 -4.39937320e-03 -3.86709487e-03 ... -2.97509581e-02
    -4.98411916e-02  3.05445418e-02]
   [-2.86791436e-02  1.72035899e-02  1.73979774e-02 ... -2.82715484e-02
     1.59523345e-03 -1.47617217e-02]]]]
var: DQNetwork/conv1/bias:0 , value [-2.2389181e-04  4.5479101e-05 -6.9294032e-04 -3.1962528e-04
 -7.9214282e-05  6.3949241e-04  1.0209383e-03 -5.6054350e-04
 -2.3322653e-04 -8.5352367e-04 -3.2778174e-04 -3.4912169e-04
  6.8614917e-04  6.6938583e-04 -1.4383899e-03  7.2911126e-04]
var: DQNetwork/conv2/kernel:0 , value [[[[ 8.60038400e-03  3.20768505e-02  5.98092638e-02 ...  1.32504217e-02
     7.95902535e-02 -7.07401112e-02]
   [ 3.92429754e-02  5.44128567e-02  6.97396696e-02 ... -6.72039911e-02
     5.37794977e-02 -3.76742296e-02]
   [ 2.19733957e-02  4.24848013e-02 -1.36382990e-02 ...  4.68516201e-02
    -5.11359684e-02 -1.75170302e-02]
   ...
   [-9.62009840e-03  7.59380162e-02  6.66058213e-02 ... -3.38741392e-02
     3.39682586e-02  6.32503405e-02]
   [ 5.40955663e-02 -3.32279652e-02  6.27477765e-02 ...  8.73901173e-02
     3.86027060e-02 -2.67023053e-02]
   [ 4.14958932e-02 -7.45115802e-02  1.16565432e-02 ...  5.15026078e-02
    -4.00848128e-02  7.91328698e-02]]

  [[ 4.73354422e-02 -7.17589706e-02 -6.30236343e-02 ...  3.18719149e-02
    -3.32976729e-02 -8.13115090e-02]
   [-5.47401272e-02  5.00427224e-02 -1.91007406e-02 ...  1.12007884e-02
     7.16701970e-02 -6.26823157e-02]
   [-5.14965644e-03 -2.10613739e-02 -2.95605734e-02 ...  5.76693714e-02
    -2.73631103e-02 -7.38652274e-02]
   ...
   [ 8.92004743e-02 -7.96786770e-02  2.39124801e-02 ...  1.07782660e-02
    -7.14443102e-02 -5.26359677e-02]
   [ 6.30972311e-02 -1.20291449e-02  6.77305385e-02 ... -7.53938109e-02
    -1.93427727e-02 -6.80682883e-02]
   [ 1.49657601e-03  8.34763646e-02 -1.18751824e-02 ...  4.64436449e-02
    -7.07339123e-02  2.35123169e-02]]

  [[-5.34198955e-02 -7.10300654e-02 -6.09885231e-02 ... -7.05770403e-02
     7.62334168e-02 -2.32291437e-04]
   [ 1.56071549e-02  3.21312882e-02 -6.76003173e-02 ...  4.76013012e-02
     4.39441167e-02  6.77948371e-02]
   [-6.19290397e-02 -4.22861129e-02  8.30649659e-02 ...  7.96566978e-02
     7.38858655e-02 -2.52596270e-02]
   ...
   [-2.32781358e-02  8.14289823e-02 -5.40928580e-02 ...  2.07898449e-02
     3.65356021e-02 -1.60393938e-02]
   [-4.25224528e-02  7.83248395e-02 -4.24694680e-02 ... -5.96914254e-02
    -5.02406619e-02 -2.15536039e-02]
   [-3.12024821e-02  3.74857225e-02 -7.14301392e-02 ... -7.62788281e-02
    -1.33007374e-02  6.67180400e-03]]

  [[-6.33940250e-02  1.23009318e-02  1.61066353e-02 ...  3.30393799e-02
    -3.86661924e-02  3.68310101e-02]
   [ 2.02587503e-03 -4.70902398e-02 -8.23800117e-02 ... -4.17151675e-02
    -5.94802015e-03 -1.28763821e-02]
   [ 3.87949795e-02 -4.06044908e-02 -5.66180088e-02 ... -8.22769552e-02
    -8.01210571e-03 -7.18536368e-03]
   ...
   [ 7.98496231e-02 -2.73134392e-02 -2.87398119e-02 ... -4.38753739e-02
    -7.51091093e-02 -7.27775926e-03]
   [-7.47637004e-02  5.62140308e-02  6.73141330e-02 ...  6.58178329e-02
    -3.63415964e-02 -2.67549157e-02]
   [-8.28241110e-02 -6.30759001e-02  7.53701031e-02 ...  4.69752029e-02
     1.15441931e-02  9.07055568e-03]]]


 [[[ 1.42947687e-02  2.18114369e-02  8.95195082e-02 ...  3.05138230e-02
    -4.89799790e-02 -5.82631230e-02]
   [ 6.23653196e-02  3.07376292e-02  3.57832462e-02 ... -4.93029319e-03
     3.11576761e-02  6.38103634e-02]
   [ 7.78942034e-02 -2.17693169e-02 -7.18939751e-02 ... -9.18039586e-06
     4.50870544e-02 -5.03354333e-02]
   ...
   [ 3.71617600e-02  1.06310491e-02 -4.47602645e-02 ... -3.95026132e-02
    -3.61404121e-02 -5.68814948e-02]
   [ 2.85418853e-02 -5.70737012e-02  4.53840382e-03 ... -2.90439725e-02
     1.38607053e-02 -3.03444192e-02]
   [ 4.00603265e-02 -8.07470754e-02 -2.00143438e-02 ...  6.92551211e-02
    -4.07395363e-02 -8.11254308e-02]]

  [[ 2.67368853e-02 -5.75526245e-02 -6.23084679e-02 ... -6.15904182e-02
     5.78459632e-03 -6.90982565e-02]
   [-8.21185298e-03  8.08074996e-02  6.44877031e-02 ... -8.01507011e-02
    -4.79740202e-02 -3.06884442e-02]
   [ 4.45242189e-02  5.12776934e-02  1.54234152e-02 ...  6.11939328e-03
    -7.05826608e-03  3.58204879e-02]
   ...
   [ 6.04571588e-02  2.68108547e-02 -7.55551085e-02 ...  3.33351977e-02
     4.84102815e-02  6.06222153e-02]
   [-4.50552925e-02 -5.60145080e-02  6.90198392e-02 ... -5.39395325e-02
    -6.35394529e-02 -3.62026878e-02]
   [-3.20844166e-02 -3.56156193e-02 -4.28695381e-02 ...  5.54058701e-02
    -2.54589046e-04  3.58417071e-02]]

  [[ 4.01284592e-03  6.11323826e-02 -1.13983359e-02 ... -1.66304912e-02
     1.97926350e-02  1.44077521e-02]
   [-5.01006516e-03 -4.91286255e-02  5.58722913e-02 ... -6.24682792e-02
    -9.78497416e-03 -6.90177754e-02]
   [ 4.88253348e-02  5.21390773e-02  6.51312247e-02 ... -6.79407967e-03
    -2.34679636e-02  1.48401856e-02]
   ...
   [ 9.44027677e-03  6.25565574e-02 -2.12673657e-02 ... -4.70036492e-02
    -5.19913994e-03 -2.02683602e-02]
   [ 5.63624948e-02  7.04533458e-02  5.95890284e-02 ... -5.33895679e-02
     1.10665113e-02  6.84312508e-02]
   [ 2.79625971e-02  8.78950655e-02  8.05578828e-02 ... -6.17239662e-02
     1.34256771e-02 -2.66703330e-02]]

  [[ 4.30676788e-02  4.28904817e-02  6.12762533e-02 ... -7.24457055e-02
     3.37050506e-03 -8.23794380e-02]
   [-5.46557158e-02  7.57539421e-02 -7.17341574e-03 ...  6.00931160e-02
     3.11453678e-02  7.43635818e-02]
   [ 1.62345264e-02  8.04522857e-02  2.71904282e-02 ...  2.40199566e-02
     5.37024625e-02 -1.17698242e-03]
   ...
   [-3.50703783e-02 -5.45184165e-02  6.98285550e-02 ... -6.75091287e-03
    -6.38798717e-03  4.35653776e-02]
   [ 8.91979784e-03  7.60135502e-02 -2.42559649e-02 ...  1.90619547e-02
    -5.03453799e-02 -3.95174287e-02]
   [ 1.96562503e-02  5.86725473e-02 -5.94117716e-02 ...  3.49821597e-02
    -6.31174669e-02  1.32550169e-02]]]


 [[[-9.05868504e-03 -8.30223709e-02  2.26290803e-02 ...  3.78915435e-03
    -6.44678473e-02 -4.98783067e-02]
   [ 6.46077394e-02  6.31036237e-02 -4.30624671e-02 ... -4.42954116e-02
    -6.88818321e-02  1.17196981e-02]
   [ 3.53145078e-02 -5.14901802e-02  6.61871675e-03 ...  6.49764836e-02
    -5.31597883e-02 -8.03350732e-02]
   ...
   [ 2.54414212e-02  6.07243963e-02  3.03205419e-02 ...  2.89945621e-02
    -4.17149030e-02  7.55795240e-02]
   [-6.09495416e-02  6.54014945e-02  1.31983627e-02 ... -8.27368125e-02
    -7.49805346e-02  6.79039285e-02]
   [-1.41667780e-02 -5.66171221e-02  7.32175335e-02 ... -4.40772846e-02
     4.28778902e-02 -3.23937126e-02]]

  [[ 8.10631067e-02 -6.90509528e-02  7.19546750e-02 ... -6.45523611e-03
    -4.48307134e-02 -9.90811270e-03]
   [-5.05276257e-03  3.44774425e-02  3.17301750e-02 ...  6.88744476e-03
    -6.89578801e-02  1.31119685e-02]
   [ 6.29215017e-02  1.41715696e-02 -1.78803969e-02 ...  4.72864285e-02
     7.12647587e-02  4.17180099e-02]
   ...
   [-1.77897848e-02 -8.26104730e-02  6.25644025e-05 ... -4.59585115e-02
     2.60983519e-02  8.34233612e-02]
   [-6.73535839e-02 -3.15940529e-02 -3.85166705e-02 ... -6.55596927e-02
    -5.05264774e-02  1.70918554e-02]
   [ 6.05651923e-03  6.83058947e-02  1.73424259e-02 ...  8.19578022e-02
     2.39539463e-02 -5.37236966e-02]]

  [[ 7.51951560e-02 -8.24256912e-02 -2.98264027e-02 ... -4.43209894e-02
    -7.08315149e-02  5.11471108e-02]
   [ 7.01052919e-02  8.17015022e-02 -1.09702591e-02 ...  4.47705947e-02
    -6.33619800e-02  6.13254420e-02]
   [ 4.28733118e-02 -8.50289539e-02  5.56143522e-02 ... -8.50304812e-02
     7.97924623e-02  8.26552883e-02]
   ...
   [-5.36870994e-02  4.10145186e-02  5.24816625e-02 ... -6.17714263e-02
     1.09544843e-02  7.13438988e-02]
   [ 7.91314542e-02  5.58618531e-02 -4.93089482e-02 ... -1.46850916e-02
     5.50956279e-02  6.77414089e-02]
   [ 6.14265986e-02 -1.39892017e-02 -2.09157467e-02 ...  6.94865882e-02
     9.04405583e-03  1.01821013e-02]]

  [[ 5.83680980e-02  5.63962124e-02  7.47880116e-02 ...  5.99440522e-02
     2.02321559e-02  5.20491488e-02]
   [ 5.76930679e-02 -7.73659348e-02 -2.42880285e-02 ... -3.54521871e-02
     2.87454613e-02 -5.75270727e-02]
   [-6.62972629e-02 -4.21418548e-02  1.35518992e-02 ...  1.75827760e-02
    -4.61433493e-02  7.09556043e-02]
   ...
   [-3.04319412e-02 -1.98197477e-02 -3.02863903e-02 ... -7.90868774e-02
    -1.57577842e-02  6.92326874e-02]
   [-7.23318160e-02  3.74468379e-02 -2.86197457e-02 ... -6.42791688e-02
     7.97089189e-02  3.48448707e-03]
   [-8.41801800e-03  5.84159134e-05 -7.05289990e-02 ... -3.63310613e-02
    -7.53855258e-02 -2.58116722e-02]]]


 [[[ 5.28150983e-02 -4.47734259e-02  5.48280589e-03 ...  8.25729743e-02
    -5.41048795e-02 -8.26992914e-02]
   [-2.42883451e-02 -1.37476632e-02 -7.79460967e-02 ... -5.06308563e-02
    -5.15991040e-02 -2.47686896e-02]
   [ 5.20391576e-03  1.52381705e-04  5.93813621e-02 ... -4.18600179e-02
    -3.59023698e-02  5.78460693e-02]
   ...
   [-3.36908288e-02  8.56168196e-02 -4.59560305e-02 ... -5.39519750e-02
     8.52552429e-02 -2.18726005e-02]
   [ 3.98388691e-03  6.85386285e-02 -5.74292578e-02 ...  6.15479946e-02
     3.67421168e-03  8.26354250e-02]
   [ 3.13161388e-02 -5.92735372e-02  1.35454843e-02 ...  6.78403908e-03
     8.16676766e-02 -4.70194146e-02]]

  [[-5.12743928e-02  4.41559963e-02 -7.70939067e-02 ...  6.44141510e-02
     4.78853993e-02  2.32766289e-03]
   [ 6.19399063e-02  2.78165359e-02  6.07669801e-02 ...  1.87022816e-02
    -6.58715740e-02 -7.14577138e-02]
   [-3.50852944e-02  8.13782141e-02 -6.20846115e-02 ... -4.95066345e-02
    -9.57300130e-04 -1.56454742e-02]
   ...
   [ 2.67871600e-02 -1.98560655e-02  7.13370591e-02 ... -2.41155811e-02
    -8.35656077e-02  7.25136837e-03]
   [-5.19130528e-02 -6.86250301e-03 -9.82384104e-03 ...  2.99628563e-02
     3.03435475e-02  2.79185064e-02]
   [-7.66256601e-02  8.16787779e-02 -6.35199621e-02 ...  3.09488457e-02
    -1.18963178e-02 -5.02547063e-02]]

  [[ 5.18339090e-02  5.66302836e-02 -1.53585142e-02 ...  1.77337825e-02
    -3.57178822e-02  7.70008191e-02]
   [ 7.95903951e-02  2.87937243e-02 -8.84740129e-02 ... -3.43765244e-02
    -4.44493024e-03  4.15728893e-03]
   [-7.27543756e-02 -1.89101733e-02  3.86981033e-02 ... -3.82783152e-02
     2.05275454e-02  1.88046768e-02]
   ...
   [ 2.72604488e-02 -4.78443690e-02 -4.04787995e-02 ...  1.03400310e-03
    -5.35217114e-03  3.76672037e-02]
   [ 6.73202127e-02  3.90204191e-02  3.86359580e-02 ... -2.18218938e-02
    -1.07684247e-02 -1.26560433e-02]
   [-5.71580157e-02 -7.68669099e-02  2.96359528e-02 ... -2.59186178e-02
     6.78491890e-02 -5.06579466e-02]]

  [[ 1.36701763e-02 -6.17490895e-03 -5.89544326e-02 ... -1.13588469e-02
    -4.34481800e-02 -6.64498135e-02]
   [-4.14197631e-02 -1.86061282e-02  3.69270928e-02 ... -6.01476282e-02
     7.45130703e-02  5.77730387e-02]
   [-4.68969643e-02 -2.66700815e-02  6.75622895e-02 ... -7.91747868e-02
    -7.27994889e-02 -1.61924046e-02]
   ...
   [-6.54642060e-02  8.93253274e-03 -3.18049416e-02 ... -3.32072824e-02
     1.48501517e-02 -2.16082130e-02]
   [-1.13656605e-02 -8.33617747e-02  3.63235697e-02 ... -2.75506210e-02
     8.54078159e-02 -7.65767321e-02]
   [-4.42094356e-03 -7.84600675e-02  8.20050165e-02 ... -6.65050596e-02
    -1.91439781e-02  9.23634917e-02]]]]
var: DQNetwork/conv2/bias:0 , value [ 4.8842246e-04 -3.2041379e-04 -5.9373392e-04  3.8446111e-04
 -8.3112900e-06 -3.1058848e-04  6.6231779e-04 -1.0945280e-03
  2.4883545e-04 -4.0498158e-04 -8.7119127e-04 -1.1856882e-03
  2.6485615e-04  2.0584630e-05  1.0268328e-03 -8.7030081e-04
  1.3118753e-03  4.8825855e-04 -3.0333298e-04 -5.6819664e-04
  5.1795032e-05 -4.4007151e-04  9.5483486e-04 -8.7996683e-04
  2.3437057e-04 -4.0116601e-04 -4.1486754e-04  7.8534550e-04
 -9.3932431e-05 -9.0610812e-04 -3.1720061e-04 -7.5087060e-05]
var: DQNetwork/fc1/kernel:0 , value [[ 0.04006147  0.04653069 -0.03716565 ... -0.03120611 -0.02792048
   0.00989147]
 [ 0.04772725  0.04327169  0.03575908 ... -0.01959267 -0.00307372
   0.0225346 ]
 [ 0.04081497  0.000892   -0.03386087 ...  0.02480031 -0.04194288
  -0.03707175]
 ...
 [-0.03006651 -0.03118442 -0.02505028 ... -0.0027468   0.02427647
   0.01259655]
 [-0.05175448 -0.03288064 -0.03212417 ...  0.00608527  0.03354638
   0.01002268]
 [ 0.04295176  0.02426435 -0.01969448 ... -0.04096731  0.00460617
  -0.01131641]]
var: DQNetwork/fc1/bias:0 , value [ 1.16959753e-04  1.69826715e-04 -2.41688671e-04  6.83832113e-05
  2.04960379e-04 -3.94712988e-05 -1.87871134e-04 -2.90710828e-04
 -2.48905009e-04 -7.02500110e-05  1.04736777e-04 -1.75180656e-04
 -5.23836701e-04 -1.40077405e-04 -1.71254302e-04 -2.66314455e-04
 -1.93475513e-04 -4.29446896e-04 -2.99320323e-04 -1.21214858e-03
  1.06841158e-04 -1.04591821e-03 -1.34923292e-04  2.77538129e-05
  9.71724003e-05 -1.97891684e-04  5.93089426e-05 -9.17624857e-06
 -2.23599745e-05  4.45187143e-05  1.57862523e-04  1.21483747e-04
 -9.27543151e-05  6.47967536e-05 -4.46298509e-05  6.49329886e-05
 -1.41305674e-03 -2.01653223e-04  7.11460016e-05 -2.65332987e-04
 -2.04301003e-04 -5.35266699e-05  1.78597431e-04 -2.71369063e-04
 -1.47028186e-04  5.44436043e-05  9.69392277e-05 -1.26661878e-04
  8.00342386e-05 -2.31578699e-04  5.63840586e-05 -1.05226114e-04
  2.52062280e-04 -3.51174705e-04  1.34012022e-04 -2.15386259e-04
  9.34190466e-05 -1.16949224e-04 -4.69034312e-05 -1.41856333e-04
  1.21726585e-03  2.49454868e-04  9.59231547e-05  5.25404903e-06
  6.06923131e-05 -1.94923981e-04  2.42917595e-04  5.84613881e-05
 -1.76646444e-03 -4.82978212e-05 -4.71705484e-04  2.48917058e-05
  1.21607655e-03 -6.31722651e-05 -2.08620768e-04 -2.63614347e-04
 -8.19628185e-05 -8.12937869e-05  5.37986016e-05  1.48758001e-04
  9.38403595e-04  1.05499610e-04 -2.20983260e-04 -3.37306131e-03
 -6.08667251e-05 -2.27020806e-04 -3.17912636e-04  1.26143612e-04
  2.37787055e-04  2.89160162e-05  1.15647890e-04 -8.81800224e-05
  3.65632513e-05  2.95938808e-05 -2.51123100e-04  9.79317338e-05
  8.60378350e-06 -1.55126414e-04  2.32771883e-04 -2.07863195e-04
  3.48425441e-04  8.15916137e-05 -4.28249652e-04  1.67308492e-04
  1.40859658e-04 -5.32610342e-04 -9.09926748e-05 -1.45716782e-04
 -4.57782007e-04 -2.33332365e-04 -3.07215436e-04  1.17543903e-04
 -2.32174294e-04 -8.03321673e-05 -4.64154728e-05 -1.87508034e-04
  2.79862061e-03  9.28040390e-06 -6.23037980e-04 -7.33875277e-06
  8.18127155e-05 -6.55962940e-05  1.80205476e-04 -1.33822556e-04
  6.15774625e-05  1.42921854e-04  2.11052407e-04 -1.67320351e-04
  1.14461305e-04  2.01720948e-04 -1.32672692e-04  6.43098028e-05
 -1.91565050e-04 -2.27251017e-04 -2.42152848e-04 -3.96802556e-04
  1.72347383e-04 -2.75352329e-04 -1.77004666e-04  1.01350772e-04
 -2.29777186e-03  2.44220108e-04  4.46649792e-05 -2.19198992e-04
 -1.97694491e-04  5.00749229e-05  6.52611707e-05 -3.07779846e-04
  1.33720678e-04 -1.79154158e-04  1.10282090e-04 -7.35104142e-04
  2.15274747e-04 -2.37446206e-04 -2.55794846e-04 -1.04987842e-03
 -2.05206656e-04 -3.27843911e-04  2.35823274e-04 -1.44984748e-04
  1.04345017e-04  1.41058845e-04 -1.73515626e-04 -1.65663165e-04
 -2.44981784e-04 -2.91559816e-04 -2.63622846e-04  4.99225280e-07
 -2.49254925e-04 -2.10697501e-04 -4.11717992e-05 -2.52208184e-03
  6.20387145e-05  9.45495616e-04  2.35534520e-04  1.75758934e-04
 -4.93949861e-04  1.59622854e-04  1.85373268e-04  1.55662128e-04
 -1.06106920e-04 -5.25335345e-05  6.10131683e-05  2.68676580e-04
 -2.40707581e-04 -1.46609033e-04  8.99402585e-05  2.26940465e-04
 -1.51753600e-04 -1.49114348e-03  1.76768081e-04  6.36633340e-05
  4.43870158e-05  4.32990055e-06 -2.08741621e-05 -6.91761728e-04
  1.40557313e-04 -8.55422113e-05 -1.12372545e-05 -2.42876980e-04
  4.49435247e-05  3.65203232e-05  1.77545167e-04  2.34776380e-05
 -6.47393972e-05 -8.09238481e-05 -1.15448318e-04 -1.93059590e-04
  1.64007070e-04  1.40989738e-04  6.15755634e-05 -1.12197922e-04
 -2.25667376e-04  2.68811797e-04  8.28387565e-05 -1.05932623e-03
  9.99449054e-04 -2.76525039e-04 -2.98786443e-04 -8.01896385e-05
 -1.93038461e-04  2.35184416e-05 -2.05149408e-04  6.52210001e-05
  1.47739236e-04 -2.17432069e-04 -1.23617312e-04  4.11217152e-05
 -2.29267913e-04  4.68368671e-05  3.74793803e-04 -1.38683477e-04
 -2.61883019e-04  3.88747314e-04  1.59787844e-04 -3.51509167e-04
  2.61609617e-04 -1.37830109e-04 -3.10336327e-06 -2.32099788e-03
 -1.98478054e-04  6.64806139e-05 -1.82270989e-04 -1.66907979e-04
 -2.21237104e-04 -2.94763246e-04  1.78601767e-05  1.79715906e-04
  1.41271827e-04  2.28733494e-04 -5.26800111e-04 -9.23461484e-05
 -2.06172292e-04  9.67262167e-05 -8.66006521e-05 -1.50445427e-04]
var: DQNetwork/dense/kernel:0 , value [[-0.0978897   0.11664984 -0.0168696  ...  0.06112151  0.07211372
   0.05264623]
 [ 0.05942235 -0.07289954  0.12528758 ... -0.11502212  0.13454327
   0.05841298]
 [ 0.11311553 -0.06963192  0.06051986 ... -0.12826394 -0.01093497
  -0.08581441]
 ...
 [ 0.11520376  0.06818002  0.13503921 ... -0.07011712  0.13039608
  -0.11061765]
 [ 0.00273741 -0.1084366   0.13459155 ... -0.13470823  0.02059849
  -0.07327545]
 [-0.04316371 -0.02799077 -0.10807457 ... -0.06143287  0.08890935
  -0.05252665]]
var: DQNetwork/dense/bias:0 , value [0.0002151  0.00020628 0.00022793 0.00018617 0.00022296 0.00016644
 0.00017194 0.00020116]
('Episode: 0', 'Total reward: 520.0', 'Explore P: 0.5000', 'Running Average: 520.0')
